4294967279,202
4294967278,201
4294967278,370
4294967279,200
4294967278,199
4294967279,199
4294967279,329
4294967278,197
4294967279,562
4294967279,196
4294967279,192
4294967279,188
4294967278,187
4294967278,345
4294967278,46
4294967278,41
4294967278,36
4294967278,32
4294967278,0
4294967278,260
4294967279,52
4294967279,49
4294967279,47
4294967279,38
4294967279,36
4294967279,34
4294967278,334
4294967294,1418
4294967278,184
4294967279,181
4294967278,180
4294967278,177
4294967279,177
4294967278,176
79,5
4294967279,176
79,4
4294967278,175
79,3
79,2
79,1
4294967279,175
4294967278,172
4294967279,172
4294967279,171
4294967278,170
4294967279,170
4294967279,319
4294967279,166
4294967278,165
4294967279,165
4294967278,164
4294967279,164
4294967278,163
4294967278,162
4294967279,162
4294967278,159
4294967278,161
77,5
4294967279,161
77,4
77,3
77,2
77,1
4294967279,160
4294967278,158
4294967279,158
4294967278,157
4294967278,156
4294967279,155
4294967278,155
4294967278,154
4294967278,153
75,6
4294967278,150
4294967279,151
4294967279,150
75,5
4294967278,149
4294967279,148
4294967278,148
75,4
75,3
75,2
75,1
4294967279,312
4294967278,147
4294967279,143
4294967278,144
74,5
4294967279,142
4294967278,142
4294967279,141
74,4
4294967278,141
74,3
74,2
74,1
4294967279,140
4294967278,140
4294967279,139
4294967279,308
4294967279,134
4294967279,133
73,5
4294967279,271
73,4
4294967278,276
73,3
73,2
73,1
4294967279,270
4294967279,279
4294967279,280
4294967279,306
4294967278,272
4294967279,277
72,5
4294967279,264
72,4
4294967279,263
72,3
72,2
72,1
4294967279,262
4294967279,258
4294967278,352
4294967279,257
4294967279,256
4294967279,255
4294967278,261
4294967278,278
4294967278,258
4294967279,546
4294967278,257
70,4
4294967279,544
70,3
70,2
70,1
4294967278,350
4294967279,543
4294967279,567
4294967278,255
4294967294,396
4294967294,409
4294967294,399
4294967294,1415
4294967294,179
4294967294,420
4294967294,167
4294967294,919
4294967294,403
4294967294,168
4294967294,402
4294967294,462
4294967294,386
4294967279,251
4294967278,322
4294967279,536
4294967278,252
4294967279,533
4294967279,532
4294967278,244
4294967278,243
4294967278,241
4294967279,566
4294967279,237
4294967279,238
4294967279,565
4294967278,235
4294967279,232
4294967278,228
4294967278,226
4294967279,219
4294967279,539
4294967278,215
4294967278,372
4294967279,211
4294967278,210
4294967279,210
4294967294,424
4294967278,206
4294967279,528
4294967279,203
4294967278,202
4294967278,200
4294967279,563
4294967278,369
4294967279,197
4294967278,195
4294967278,194
4294967278,192
4294967279,561
4294967278,189
4294967279,189
4294967278,188
4294967279,187
4294967278,185
4294967279,182
4294967279,29
4294967279,180
4294967278,179
4294967279,179
4294967278,336
4294967278,305
4294967278,173
4294967279,27
4294967279,26
4294967279,21
4294967279,18
4294967279,13
4294967279,11
4294967294,30
4294967294,942
4294967294,941
4294967294,939
4294967294,938
4294967294,933
4294967294,922
4294967294,436
4294967294,158
4294967294,157
4294967294,156
4294967294,155
4294967294,60
4294967279,294
4294967278,171
4294967294,5
4294967278,168
4294967294,12
4294967279,167
4294967294,915
4294967294,902
4294967294,900
4294967294,176
4294967294,170
4294967294,162
4294967294,7
4294967294,42
4294967294,39
4294967294,43
4294967294,51
4294967294,970
4294967294,82
4294967294,83
4294967278,132
4294967278,131
4294967278,130
4294967278,129
4294967278,128
4294967278,127
4294967278,126
4294967278,125
4294967278,124
4294967278,123
4294967278,122
4294967278,121
4294967278,120
4294967278,119
4294967278,118
4294967278,117
4294967278,116
4294967278,115
4294967278,114
4294967278,113
4294967278,112
4294967278,111
4294967278,110
4294967278,109
4294967278,108
4294967278,107
4294967278,106
4294967278,105
4294967278,219
4294967278,104
4294967278,103
4294967278,102
4294967278,101
4294967278,100
4294967278,99
4294967278,98
4294967278,97
4294967278,96
4294967278,95
4294967278,94
4294967278,93
4294967278,92
4294967278,91
4294967278,90
4294967278,89
4294967278,87
4294967278,86
4294967278,85
4294967278,84
4294967278,83
4294967278,82
4294967278,81
4294967278,80
4294967278,79
4294967278,78
4294967278,77
4294967278,76
4294967278,75
4294967278,74
4294967278,73
4294967278,72
4294967278,71
4294967278,70
4294967278,69
4294967278,68
4294967278,67
4294967278,66
4294967278,65
4294967278,64
4294967278,63
4294967278,62
4294967278,61
4294967278,60
4294967278,59
4294967278,58
4294967278,57
4294967278,56
4294967278,55
4294967278,54
4294967278,53
4294967278,52
4294967278,51
4294967278,50
4294967278,49
4294967278,48
4294967279,220
4294967279,50
4294967279,46
4294967279,44
4294967279,42
4294967279,314
4294967279,35
4294967279,30
4294967279,28
4294967279,23
4294967279,20
4294967279,17
4294967279,15
4294967279,12
4294967279,10
4294967279,9
4294967279,8
4294967279,7
4294967279,6
4294967279,5
4294967279,4
4294967279,293
4294967278,160
4294967279,291
4294967279,157
69,5
69,4
69,2
69,1
4294967279,152
4294967294,1420
4294967279,147
4294967279,146
4294967278,146
4294967278,145
67,5
67,4
67,3
67,2
67,1
4294967279,138
4294967278,138
65,6
4294967294,1419
65,5
65,4
65,3
65,2
65,1
4294967278,271
64,5
64,4
64,3
64,2
